w1 
61
0.470302
-0.830724
-0.734116
-0.622294
-0.669634
0.0148
-0.033662
0.846454
0.629744
0.291522
-0.231386
-0.256138
-0.430962
-0.54117
-0.246098
0.42623
-0.907162
0.331236
0.17797
0.945982
-0.376106
-0.553894
0.454666
0.879994
-0.326312
0.150344
0.95165
-0.760012
-0.136486
0.250302
0.027236
-0.666184
-0.547718
0.293122
0.744228
-0.21735
0.340626
-0.289434
0.661808
-0.996926
0.034792
-0.569576
-0.253062
0.603832
0.921958
-0.466456
-0.937234
0.047502
-0.102516
0.240736
-0.006516
0.521378
-0.280454
-0.55185
-0.565924
-0.574062
-0.3688
0.41843
-0.334074
-0.472582
-0.331268
w2
-0.977096
-0.210834
0.178272
-0.006998
0.60584
-0.576426
-0.941796
-0.844508
-0.562372
-0.028208
0.060508
-0.832494
-0.956764
0.558826
0.91866
-0.497778
0.118386
-0.376534
-0.072152
-0.761448
0.535036
0.358068
-0.80529
-0.81697
0.740788
-0.488058
-0.805986
0.511962
-0.015592
-0.505506
0.329184
0.007314
0.28366
0.54016
-0.999684
0.922206
-0.003562
0.091224
-0.922302
-0.533228
-0.936984
-0.82909
0.666982
-0.893748
0.729736
0.585642
0.641178
0.880826
-0.790892
0.601732
-0.88062
-0.223152
-0.0402
0.346794
-0.040122
0.733292
0.858736
-0.813404
0.245254
0.87585
0.713794
Test output of data[0]
feature
0.02
0.0371
0.0428
0.0207
0.0954
0.0986
0.1539
0.1601
0.3109
0.2111
0.1609
0.1582
0.2238
0.0645
0.066
0.2273
0.31
0.2999
0.5078
0.4797
0.5783
0.5071
0.4328
0.555
0.6711
0.6415
0.7104
0.808
0.6791
0.3857
0.1307
0.2604
0.5121
0.7547
0.8537
0.8507
0.6692
0.6097
0.4943
0.2744
0.051
0.2834
0.2825
0.4256
0.2641
0.1386
0.1051
0.1343
0.0383
0.0324
0.0232
0.0027
0.0065
0.0159
0.0072
0.0167
0.018
0.0084
0.009
0.0032
0.669131 0.258866 0.537342 0.622633 0.208772 0.686818 0.577991 0.0817593 0.630277 0.312267 0.974448 0.923185 0.704628 0.329347 0.2627 0.325821 0.833631 0.659485 0.938194 0.0624874 0.243405 0.0353111 0.904457 0.114921 0.0649943 0.982849 0.96584 0.139319 0.822493 0.653955 0.54182 0.95259 0.904355 0.745024 0.906468 0.802346 0.187178 0.754706 0.205965 0.670638 0.322196 0.46648 0.272634 0.953419 0.384282 0.758875 0.146323 0.742578 0.263318 0.251288 0.217857 0.383397 0.680087 0.534382 0.372945 0.253012 0.877855 0.133335 0.0421313 0.582723 1 Done
